<?xml version="1.0" encoding="UTF-8" standalone="no" ?>
<PhysicalModelingXMLFile>

  <formatVersion>"1.0.4"</formatVersion>

  <internalVersion>1</internalVersion>

  <createdUsing>"Simscape Multibody Link Version 5.0"</createdUsing>

  <createdFrom>"Pro/E Wildfire Creo 6.0 - 2019344"</createdFrom>

  <createdOn>"10/08/20||14:37:53"</createdOn>

  <createdBy>"ngenesio"</createdBy>

  <name>"SIM_ICUB3_R_LEG"</name>

  <SimscapeMultibody>
    <name>"SIM_ICUB3_R_LEG"</name>
    <nodeID>"SIM_ICUB3_R_LEG"</nodeID>
    <bodies>
      <Body>
        <name>"SIM_ICUB3_R_HIP_1"</name>
        <nodeID>"59"</nodeID>
        <status>""</status>
        <mass>5.90546</mass>
        <massUnits>"kg"</massUnits>
        <inertia>0.00781827,9.29038e-005,-0.000102722,9.29038e-005,0.00579607,6.67799e-005,-0.000102722,6.67799e-005,0.0068965</inertia>
        <inertiaUnits>"kg*m^2"</inertiaUnits>
        <volume>590546</volume>
        <volumeUnits>"mm^3"</volumeUnits>
        <surfaceArea>38346.2</surfaceArea>
        <surfaceAreaUnits>"mm^2"</surfaceAreaUnits>
        <frames>
          <Frame>
            <name>"CG"</name>
            <displayName>""</displayName>
            <nodeID>"59::CG(AUTOGEN)"</nodeID>
            <position>74.1461,16.2421,-315.205</position>
            <positionOrigin>"WORLD"</positionOrigin>
            <positionReferenceFrame>"WORLD"</positionReferenceFrame>
            <positionUnits>"mm"</positionUnits>
            <orientation>1,0,0,0,1,0,0,0,1</orientation>
            <orientationType>"3x3 Transform"</orientationType>
            <orientationUnits>"rad"</orientationUnits>
            <orientationReferenceFrame>"WORLD"</orientationReferenceFrame>
          </Frame>
          <Frame>
            <name>"CS1"</name>
            <displayName>""</displayName>
            <nodeID>"59::CS1(AUTOGEN)"</nodeID>
            <position>0,0,0</position>
            <positionOrigin>"WORLD"</positionOrigin>
            <positionReferenceFrame>"WORLD"</positionReferenceFrame>
            <positionUnits>"mm"</positionUnits>
            <orientation>1,0,0,0,1,0,0,0,1</orientation>
            <orientationType>"3x3 Transform"</orientationType>
            <orientationUnits>"rad"</orientationUnits>
            <orientationReferenceFrame>"WORLD"</orientationReferenceFrame>
          </Frame>
          <Frame>
            <name>"CS2"</name>
            <displayName>"SCSYS_R_HIP_1"</displayName>
            <nodeID>"1268(USERADDED)"</nodeID>
            <position>40.55,21.6,-313.858</position>
            <positionOrigin>"WORLD"</positionOrigin>
            <positionReferenceFrame>"WORLD"</positionReferenceFrame>
            <positionUnits>"mm"</positionUnits>
            <orientation>0,1,0,-1,0,0,0,0,1</orientation>
            <orientationType>"3x3 Transform"</orientationType>
            <orientationUnits>"rad"</orientationUnits>
            <orientationReferenceFrame>"WORLD"</orientationReferenceFrame>
          </Frame>
          <Frame ref="2">
            <name>"CS3"</name>
            <displayName>""</displayName>
            <nodeID>"59:-:SIM_ICUB3_R_LEG/RootPart::59(AUTOGEN)"</nodeID>
            <position>74.1461,16.2421,-315.205</position>
            <positionOrigin>"WORLD"</positionOrigin>
            <positionReferenceFrame>"WORLD"</positionReferenceFrame>
            <positionUnits>"mm"</positionUnits>
            <orientation>1,0,0,0,1,0,0,0,1</orientation>
            <orientationType>"3x3 Transform"</orientationType>
            <orientationUnits>"rad"</orientationUnits>
            <orientationReferenceFrame>"WORLD"</orientationReferenceFrame>
          </Frame>
          <Frame ref="11">
            <name>"CS4"</name>
            <displayName>""</displayName>
            <nodeID>"59:-:60::59(AUTOGEN)"</nodeID>
            <position>73.65,-32.45,-322.858</position>
            <positionOrigin>"WORLD"</positionOrigin>
            <positionReferenceFrame>"WORLD"</positionReferenceFrame>
            <positionUnits>"mm"</positionUnits>
            <orientation>1,0,0,0,1,0,0,0,1</orientation>
            <orientationType>"3x3 Transform"</orientationType>
            <orientationUnits>"rad"</orientationUnits>
            <orientationReferenceFrame>"WORLD"</orientationReferenceFrame>
          </Frame>
        </frames>
        <geometryFileName>"SIM_ICUB3_R_HIP_1_prt.stl"</geometryFileName>
      </Body>
      <Body>
        <name>"RootPart"</name>
        <nodeID>"SIM_ICUB3_R_LEG/RootPart"</nodeID>
        <status>""</status>
        <mass>0</mass>
        <massUnits>"kg"</massUnits>
        <inertia>0,0,0,0,0,0,0,0,0</inertia>
        <inertiaUnits>"kg*m^2"</inertiaUnits>
        <volume>0</volume>
        <volumeUnits>"mm^3"</volumeUnits>
        <surfaceArea>0</surfaceArea>
        <surfaceAreaUnits>"mm^2"</surfaceAreaUnits>
        <frames>
          <Frame>
            <name>"CG"</name>
            <displayName>""</displayName>
            <nodeID>"SIM_ICUB3_R_LEG/RootPart::CG(AUTOGEN)"</nodeID>
            <position>54.8117,12.5143,-587.299</position>
            <positionOrigin>"WORLD"</positionOrigin>
            <positionReferenceFrame>"WORLD"</positionReferenceFrame>
            <positionUnits>"mm"</positionUnits>
            <orientation>1,0,0,0,1,0,0,0,1</orientation>
            <orientationType>"3x3 Transform"</orientationType>
            <orientationUnits>"rad"</orientationUnits>
            <orientationReferenceFrame>"WORLD"</orientationReferenceFrame>
          </Frame>
          <Frame>
            <name>"CS1"</name>
            <displayName>""</displayName>
            <nodeID>"SIM_ICUB3_R_LEG/RootPart::CS1(AUTOGEN)"</nodeID>
            <position>0,0,0</position>
            <positionOrigin>"WORLD"</positionOrigin>
            <positionReferenceFrame>"WORLD"</positionReferenceFrame>
            <positionUnits>"mm"</positionUnits>
            <orientation>1,0,0,0,1,0,0,0,1</orientation>
            <orientationType>"3x3 Transform"</orientationType>
            <orientationUnits>"rad"</orientationUnits>
            <orientationReferenceFrame>"WORLD"</orientationReferenceFrame>
          </Frame>
          <Frame ref="1">
            <name>"CS2"</name>
            <displayName>""</displayName>
            <nodeID>"59:-:SIM_ICUB3_R_LEG/RootPart::SIM_ICUB3_R_LEG/RootPart(AUTOGEN)"</nodeID>
            <position>74.1461,16.2421,-315.205</position>
            <positionOrigin>"WORLD"</positionOrigin>
            <positionReferenceFrame>"WORLD"</positionReferenceFrame>
            <positionUnits>"mm"</positionUnits>
            <orientation>1,0,0,0,1,0,0,0,1</orientation>
            <orientationType>"3x3 Transform"</orientationType>
            <orientationUnits>"rad"</orientationUnits>
            <orientationReferenceFrame>"WORLD"</orientationReferenceFrame>
          </Frame>
          <Frame ref="20">
            <name>"CS3"</name>
            <displayName>""</displayName>
            <nodeID>"RootGround:-:SIM_ICUB3_R_LEG/RootPart::SIM_ICUB3_R_LEG/RootPart(AUTOGEN)"</nodeID>
            <position>54.8117,12.5143,-587.299</position>
            <positionOrigin>"WORLD"</positionOrigin>
            <positionReferenceFrame>"WORLD"</positionReferenceFrame>
            <positionUnits>"mm"</positionUnits>
            <orientation>1,0,0,0,1,0,0,0,1</orientation>
            <orientationType>"3x3 Transform"</orientationType>
            <orientationUnits>"rad"</orientationUnits>
            <orientationReferenceFrame>"WORLD"</orientationReferenceFrame>
          </Frame>
        </frames>
        <geometryFileName>""</geometryFileName>
      </Body>
      <Body>
        <name>"SIM_ICUB3_R_HIP_2"</name>
        <nodeID>"60"</nodeID>
        <status>""</status>
        <mass>5.17508</mass>
        <massUnits>"kg"</massUnits>
        <inertia>0.0148,4.83054e-005,-5.34299e-005,4.83054e-005,0.00781199,0.00217127,-5.34299e-005,0.00217127,0.00988573</inertia>
        <inertiaUnits>"kg*m^2"</inertiaUnits>
        <volume>517508</volume>
        <volumeUnits>"mm^3"</volumeUnits>
        <surfaceArea>62275.3</surfaceArea>
        <surfaceAreaUnits>"mm^2"</surfaceAreaUnits>
        <frames>
          <Frame>
            <name>"CG"</name>
            <displayName>""</displayName>
            <nodeID>"60::CG(AUTOGEN)"</nodeID>
            <position>72.385,-33.0287,-362.06</position>
            <positionOrigin>"WORLD"</positionOrigin>
            <positionReferenceFrame>"WORLD"</positionReferenceFrame>
            <positionUnits>"mm"</positionUnits>
            <orientation>0.999316,0,-0.0369925,0,1,0,0.0369925,0,0.999316</orientation>
            <orientationType>"3x3 Transform"</orientationType>
            <orientationUnits>"rad"</orientationUnits>
            <orientationReferenceFrame>"WORLD"</orientationReferenceFrame>
          </Frame>
          <Frame>
            <name>"CS1"</name>
            <displayName>""</displayName>
            <nodeID>"60::CS1(AUTOGEN)"</nodeID>
            <position>11.9938,0,2.50352</position>
            <positionOrigin>"WORLD"</positionOrigin>
            <positionReferenceFrame>"WORLD"</positionReferenceFrame>
            <positionUnits>"mm"</positionUnits>
            <orientation>0.999316,0,-0.0369925,0,1,0,0.0369925,0,0.999316</orientation>
            <orientationType>"3x3 Transform"</orientationType>
            <orientationUnits>"rad"</orientationUnits>
            <orientationReferenceFrame>"WORLD"</orientationReferenceFrame>
          </Frame>
          <Frame>
            <name>"CS2"</name>
            <displayName>"SCSYS_R_HIP_2"</displayName>
            <nodeID>"15036(USERADDED)"</nodeID>
            <position>73.65,-25.7,-322.858</position>
            <positionOrigin>"WORLD"</positionOrigin>
            <positionReferenceFrame>"WORLD"</positionReferenceFrame>
            <positionUnits>"mm"</positionUnits>
            <orientation>0,1,0,-0.999316,0,0.0369925,0.0369925,0,0.999316</orientation>
            <orientationType>"3x3 Transform"</orientationType>
            <orientationUnits>"rad"</orientationUnits>
            <orientationReferenceFrame>"WORLD"</orientationReferenceFrame>
          </Frame>
          <Frame ref="9">
            <name>"CS3"</name>
            <displayName>""</displayName>
            <nodeID>"60:-:61::60(AUTOGEN)"</nodeID>
            <position>72.385,-33.0287,-362.06</position>
            <positionOrigin>"WORLD"</positionOrigin>
            <positionReferenceFrame>"WORLD"</positionReferenceFrame>
            <positionUnits>"mm"</positionUnits>
            <orientation>1,0,0,0,1,0,0,0,1</orientation>
            <orientationType>"3x3 Transform"</orientationType>
            <orientationUnits>"rad"</orientationUnits>
            <orientationReferenceFrame>"WORLD"</orientationReferenceFrame>
          </Frame>
          <Frame ref="12">
            <name>"CS4"</name>
            <displayName>""</displayName>
            <nodeID>"59:-:60::60(AUTOGEN)"</nodeID>
            <position>73.65,-32.45,-322.858</position>
            <positionOrigin>"WORLD"</positionOrigin>
            <positionReferenceFrame>"WORLD"</positionReferenceFrame>
            <positionUnits>"mm"</positionUnits>
            <orientation>1,0,0,0,1,0,0,0,1</orientation>
            <orientationType>"3x3 Transform"</orientationType>
            <orientationUnits>"rad"</orientationUnits>
            <orientationReferenceFrame>"WORLD"</orientationReferenceFrame>
          </Frame>
        </frames>
        <geometryFileName>"SIM_ICUB3_R_HIP_2_prt.stl"</geometryFileName>
      </Body>
      <Body>
        <name>"SIM_ICUB3_R_HIP_3"</name>
        <nodeID>"61"</nodeID>
        <status>""</status>
        <mass>16.5278</mass>
        <massUnits>"kg"</massUnits>
        <inertia>0.0486324,0.00113659,0.00328022,0.00113659,0.0440489,-0.00133362,0.00328022,-0.00133362,0.0521404</inertia>
        <inertiaUnits>"kg*m^2"</inertiaUnits>
        <volume>1.65278e+006</volume>
        <volumeUnits>"mm^3"</volumeUnits>
        <surfaceArea>169071</surfaceArea>
        <surfaceAreaUnits>"mm^2"</surfaceAreaUnits>
        <frames>
          <Frame>
            <name>"CG"</name>
            <displayName>""</displayName>
            <nodeID>"61::CG(AUTOGEN)"</nodeID>
            <position>60.2917,16.064,-452.401</position>
            <positionOrigin>"WORLD"</positionOrigin>
            <positionReferenceFrame>"WORLD"</positionReferenceFrame>
            <positionUnits>"mm"</positionUnits>
            <orientation>0.999316,0,-0.0369925,0,1,0,0.0369925,0,0.999316</orientation>
            <orientationType>"3x3 Transform"</orientationType>
            <orientationUnits>"rad"</orientationUnits>
            <orientationReferenceFrame>"WORLD"</orientationReferenceFrame>
          </Frame>
          <Frame>
            <name>"CS1"</name>
            <displayName>""</displayName>
            <nodeID>"61::CS1(AUTOGEN)"</nodeID>
            <position>11.9938,0,2.50352</position>
            <positionOrigin>"WORLD"</positionOrigin>
            <positionReferenceFrame>"WORLD"</positionReferenceFrame>
            <positionUnits>"mm"</positionUnits>
            <orientation>0.999316,0,-0.0369925,0,1,0,0.0369925,0,0.999316</orientation>
            <orientationType>"3x3 Transform"</orientationType>
            <orientationUnits>"rad"</orientationUnits>
            <orientationReferenceFrame>"WORLD"</orientationReferenceFrame>
          </Frame>
          <Frame>
            <name>"CS2"</name>
            <displayName>"SCSYS_R_HIP_3"</displayName>
            <nodeID>"5132(USERADDED)"</nodeID>
            <position>70.3318,11,-412.497</position>
            <positionOrigin>"WORLD"</positionOrigin>
            <positionReferenceFrame>"WORLD"</positionReferenceFrame>
            <positionUnits>"mm"</positionUnits>
            <orientation>0,1,0,-0.999316,0,0.0369925,0.0369925,0,0.999316</orientation>
            <orientationType>"3x3 Transform"</orientationType>
            <orientationUnits>"rad"</orientationUnits>
            <orientationReferenceFrame>"WORLD"</orientationReferenceFrame>
          </Frame>
          <Frame ref="7">
            <name>"CS3"</name>
            <displayName>""</displayName>
            <nodeID>"61:-:62::61(AUTOGEN)"</nodeID>
            <position>52.2532,11,-495.385</position>
            <positionOrigin>"WORLD"</positionOrigin>
            <positionReferenceFrame>"WORLD"</positionReferenceFrame>
            <positionUnits>"mm"</positionUnits>
            <orientation>1,0,0,0,1,0,0,0,1</orientation>
            <orientationType>"3x3 Transform"</orientationType>
            <orientationUnits>"rad"</orientationUnits>
            <orientationReferenceFrame>"WORLD"</orientationReferenceFrame>
          </Frame>
          <Frame ref="10">
            <name>"CS4"</name>
            <displayName>""</displayName>
            <nodeID>"60:-:61::61(AUTOGEN)"</nodeID>
            <position>72.385,-33.0287,-362.06</position>
            <positionOrigin>"WORLD"</positionOrigin>
            <positionReferenceFrame>"WORLD"</positionReferenceFrame>
            <positionUnits>"mm"</positionUnits>
            <orientation>1,0,0,0,1,0,0,0,1</orientation>
            <orientationType>"3x3 Transform"</orientationType>
            <orientationUnits>"rad"</orientationUnits>
            <orientationReferenceFrame>"WORLD"</orientationReferenceFrame>
          </Frame>
        </frames>
        <geometryFileName>"SIM_ICUB3_R_HIP_3_prt.stl"</geometryFileName>
      </Body>
      <Body>
        <name>"SIM_ICUB3_R_UPPER_LEG"</name>
        <nodeID>"62"</nodeID>
        <status>""</status>
        <mass>6.2302</mass>
        <massUnits>"kg"</massUnits>
        <inertia>0.0120702,-8.90753e-005,0.000322855,-8.90753e-005,0.0132717,0.00122986,0.000322855,0.00122986,0.00611814</inertia>
        <inertiaUnits>"kg*m^2"</inertiaUnits>
        <volume>623020</volume>
        <volumeUnits>"mm^3"</volumeUnits>
        <surfaceArea>54676.6</surfaceArea>
        <surfaceAreaUnits>"mm^2"</surfaceAreaUnits>
        <frames>
          <Frame>
            <name>"CG"</name>
            <displayName>""</displayName>
            <nodeID>"62::CG(AUTOGEN)"</nodeID>
            <position>50.9699,21.845,-566.403</position>
            <positionOrigin>"WORLD"</positionOrigin>
            <positionReferenceFrame>"WORLD"</positionReferenceFrame>
            <positionUnits>"mm"</positionUnits>
            <orientation>0.998921,-0.0280961,-0.0369779,0.0280769,0.999605,-0.00103935,0.0369925,0,0.999316</orientation>
            <orientationType>"3x3 Transform"</orientationType>
            <orientationUnits>"rad"</orientationUnits>
            <orientationReferenceFrame>"WORLD"</orientationReferenceFrame>
          </Frame>
          <Frame>
            <name>"CS1"</name>
            <displayName>""</displayName>
            <nodeID>"62::CS1(AUTOGEN)"</nodeID>
            <position>11.7081,1.65218,2.51409</position>
            <positionOrigin>"WORLD"</positionOrigin>
            <positionReferenceFrame>"WORLD"</positionReferenceFrame>
            <positionUnits>"mm"</positionUnits>
            <orientation>0.998921,-0.0280961,-0.0369779,0.0280769,0.999605,-0.00103935,0.0369925,0,0.999316</orientation>
            <orientationType>"3x3 Transform"</orientationType>
            <orientationUnits>"rad"</orientationUnits>
            <orientationReferenceFrame>"WORLD"</orientationReferenceFrame>
          </Frame>
          <Frame>
            <name>"CS2"</name>
            <displayName>"SCSYS_R_UPPER_LEG"</displayName>
            <nodeID>"2091(USERADDED)"</nodeID>
            <position>52.7193,11,-482.794</position>
            <positionOrigin>"WORLD"</positionOrigin>
            <positionReferenceFrame>"WORLD"</positionReferenceFrame>
            <positionUnits>"mm"</positionUnits>
            <orientation>0.0280769,0.999605,-0.00103935,-0.998921,0.0280961,0.0369779,0.0369925,0,0.999316</orientation>
            <orientationType>"3x3 Transform"</orientationType>
            <orientationUnits>"rad"</orientationUnits>
            <orientationReferenceFrame>"WORLD"</orientationReferenceFrame>
          </Frame>
          <Frame ref="3">
            <name>"CS3"</name>
            <displayName>""</displayName>
            <nodeID>"62:-:63::62(AUTOGEN)"</nodeID>
            <position>73.8852,25.3001,-589.85</position>
            <positionOrigin>"WORLD"</positionOrigin>
            <positionReferenceFrame>"WORLD"</positionReferenceFrame>
            <positionUnits>"mm"</positionUnits>
            <orientation>1,0,0,0,1,0,0,0,1</orientation>
            <orientationType>"3x3 Transform"</orientationType>
            <orientationUnits>"rad"</orientationUnits>
            <orientationReferenceFrame>"WORLD"</orientationReferenceFrame>
          </Frame>
          <Frame ref="8">
            <name>"CS4"</name>
            <displayName>""</displayName>
            <nodeID>"61:-:62::62(AUTOGEN)"</nodeID>
            <position>52.2532,11,-495.385</position>
            <positionOrigin>"WORLD"</positionOrigin>
            <positionReferenceFrame>"WORLD"</positionReferenceFrame>
            <positionUnits>"mm"</positionUnits>
            <orientation>1,0,0,0,1,0,0,0,1</orientation>
            <orientationType>"3x3 Transform"</orientationType>
            <orientationUnits>"rad"</orientationUnits>
            <orientationReferenceFrame>"WORLD"</orientationReferenceFrame>
          </Frame>
        </frames>
        <geometryFileName>"SIM_ICUB3_R_UPPER_LEG_prt.stl"</geometryFileName>
      </Body>
      <Body>
        <name>"SIM_ICUB3_R_LOWER_LEG"</name>
        <nodeID>"63"</nodeID>
        <status>""</status>
        <mass>22.2552</mass>
        <massUnits>"kg"</massUnits>
        <inertia>0.166038,0.00101886,0.000596319,0.00101886,0.154598,-0.000775148,0.000596319,-0.000775148,0.0382554</inertia>
        <inertiaUnits>"kg*m^2"</inertiaUnits>
        <volume>2.22552e+006</volume>
        <volumeUnits>"mm^3"</volumeUnits>
        <surfaceArea>213395</surfaceArea>
        <surfaceAreaUnits>"mm^2"</surfaceAreaUnits>
        <frames>
          <Frame>
            <name>"CG"</name>
            <displayName>""</displayName>
            <nodeID>"63::CG(AUTOGEN)"</nodeID>
            <position>45.1535,10.361,-718.39</position>
            <positionOrigin>"WORLD"</positionOrigin>
            <positionReferenceFrame>"WORLD"</positionReferenceFrame>
            <positionUnits>"mm"</positionUnits>
            <orientation>0.998921,-0.0280961,-0.0369779,0.0292628,0.999079,0.0313964,0.0360617,-0.0324446,0.998823</orientation>
            <orientationType>"3x3 Transform"</orientationType>
            <orientationUnits>"rad"</orientationUnits>
            <orientationReferenceFrame>"WORLD"</orientationReferenceFrame>
          </Frame>
          <Frame>
            <name>"CS1"</name>
            <displayName>""</displayName>
            <nodeID>"63::CS1(AUTOGEN)"</nodeID>
            <position>11.1284,-17.4654,1.38019</position>
            <positionOrigin>"WORLD"</positionOrigin>
            <positionReferenceFrame>"WORLD"</positionReferenceFrame>
            <positionUnits>"mm"</positionUnits>
            <orientation>0.998921,-0.0280961,-0.0369779,0.0292628,0.999079,0.0313964,0.0360617,-0.0324446,0.998823</orientation>
            <orientationType>"3x3 Transform"</orientationType>
            <orientationUnits>"rad"</orientationUnits>
            <orientationReferenceFrame>"WORLD"</orientationReferenceFrame>
          </Frame>
          <Frame>
            <name>"CS2"</name>
            <displayName>"SCSYS_R_LOWER_LEG"</displayName>
            <nodeID>"14175(USERADDED)"</nodeID>
            <position>74.0849,25.2945,-589.857</position>
            <positionOrigin>"WORLD"</positionOrigin>
            <positionReferenceFrame>"WORLD"</positionReferenceFrame>
            <positionUnits>"mm"</positionUnits>
            <orientation>0.0292628,0.999079,0.0313964,-0.998921,0.0280961,0.0369779,0.0360617,-0.0324446,0.998823</orientation>
            <orientationType>"3x3 Transform"</orientationType>
            <orientationUnits>"rad"</orientationUnits>
            <orientationReferenceFrame>"WORLD"</orientationReferenceFrame>
          </Frame>
          <Frame ref="4">
            <name>"CS3"</name>
            <displayName>""</displayName>
            <nodeID>"62:-:63::63(AUTOGEN)"</nodeID>
            <position>73.8852,25.3001,-589.85</position>
            <positionOrigin>"WORLD"</positionOrigin>
            <positionReferenceFrame>"WORLD"</positionReferenceFrame>
            <positionUnits>"mm"</positionUnits>
            <orientation>1,0,0,0,1,0,0,0,1</orientation>
            <orientationType>"3x3 Transform"</orientationType>
            <orientationUnits>"rad"</orientationUnits>
            <orientationReferenceFrame>"WORLD"</orientationReferenceFrame>
          </Frame>
          <Frame ref="5">
            <name>"CS4"</name>
            <displayName>""</displayName>
            <nodeID>"63:-:64::63(AUTOGEN)"</nodeID>
            <position>127.836,31.8285,-847.876</position>
            <positionOrigin>"WORLD"</positionOrigin>
            <positionReferenceFrame>"WORLD"</positionReferenceFrame>
            <positionUnits>"mm"</positionUnits>
            <orientation>1,0,0,0,1,0,0,0,1</orientation>
            <orientationType>"3x3 Transform"</orientationType>
            <orientationUnits>"rad"</orientationUnits>
            <orientationReferenceFrame>"WORLD"</orientationReferenceFrame>
          </Frame>
        </frames>
        <geometryFileName>"SIM_ICUB3_R_LOWER_LEG_prt.stl"</geometryFileName>
      </Body>
      <Body>
        <name>"SIM_ICUB3_R_ANKLE_1"</name>
        <nodeID>"64"</nodeID>
        <status>""</status>
        <mass>1.81461</mass>
        <massUnits>"kg"</massUnits>
        <inertia>0.00329633,-0.00011247,-0.000232917,-0.00011247,0.000982974,-0.000107302,-0.000232917,-0.000107302,0.00299303</inertia>
        <inertiaUnits>"kg*m^2"</inertiaUnits>
        <volume>181461</volume>
        <volumeUnits>"mm^3"</volumeUnits>
        <surfaceArea>28513.6</surfaceArea>
        <surfaceAreaUnits>"mm^2"</surfaceAreaUnits>
        <frames>
          <Frame>
            <name>"CG"</name>
            <displayName>""</displayName>
            <nodeID>"64::CG(AUTOGEN)"</nodeID>
            <position>61.2346,28.6262,-863.766</position>
            <positionOrigin>"WORLD"</positionOrigin>
            <positionReferenceFrame>"WORLD"</positionReferenceFrame>
            <positionUnits>"mm"</positionUnits>
            <orientation>0.998921,-0.0280961,-0.0369779,0.0284819,0.999545,0.00994854,0.0366816,-0.010991,0.999267</orientation>
            <orientationType>"3x3 Transform"</orientationType>
            <orientationUnits>"rad"</orientationUnits>
            <orientationReferenceFrame>"WORLD"</orientationReferenceFrame>
          </Frame>
          <Frame>
            <name>"CS1"</name>
            <displayName>""</displayName>
            <nodeID>"64::CS1(AUTOGEN)"</nodeID>
            <position>11.6728,0.664672,2.31313</position>
            <positionOrigin>"WORLD"</positionOrigin>
            <positionReferenceFrame>"WORLD"</positionReferenceFrame>
            <positionUnits>"mm"</positionUnits>
            <orientation>0.998921,-0.0280961,-0.0369779,0.0284819,0.999545,0.00994854,0.0366816,-0.010991,0.999267</orientation>
            <orientationType>"3x3 Transform"</orientationType>
            <orientationUnits>"rad"</orientationUnits>
            <orientationReferenceFrame>"WORLD"</orientationReferenceFrame>
          </Frame>
          <Frame>
            <name>"CS2"</name>
            <displayName>"SCSYS_R_ANKLE_1"</displayName>
            <nodeID>"1015(USERADDED)"</nodeID>
            <position>64.3541,33.614,-845.526</position>
            <positionOrigin>"WORLD"</positionOrigin>
            <positionReferenceFrame>"WORLD"</positionReferenceFrame>
            <positionUnits>"mm"</positionUnits>
            <orientation>0.0284819,0.999545,0.00994854,-0.998921,0.0280961,0.0369779,0.0366816,-0.010991,0.999267</orientation>
            <orientationType>"3x3 Transform"</orientationType>
            <orientationUnits>"rad"</orientationUnits>
            <orientationReferenceFrame>"WORLD"</orientationReferenceFrame>
          </Frame>
          <Frame ref="6">
            <name>"CS3"</name>
            <displayName>""</displayName>
            <nodeID>"63:-:64::64(AUTOGEN)"</nodeID>
            <position>127.836,31.8285,-847.876</position>
            <positionOrigin>"WORLD"</positionOrigin>
            <positionReferenceFrame>"WORLD"</positionReferenceFrame>
            <positionUnits>"mm"</positionUnits>
            <orientation>1,0,0,0,1,0,0,0,1</orientation>
            <orientationType>"3x3 Transform"</orientationType>
            <orientationUnits>"rad"</orientationUnits>
            <orientationReferenceFrame>"WORLD"</orientationReferenceFrame>
          </Frame>
          <Frame ref="13">
            <name>"CS4"</name>
            <displayName>""</displayName>
            <nodeID>"64:-:65::64(AUTOGEN)"</nodeID>
            <position>42.2439,-58.3477,-880.751</position>
            <positionOrigin>"WORLD"</positionOrigin>
            <positionReferenceFrame>"WORLD"</positionReferenceFrame>
            <positionUnits>"mm"</positionUnits>
            <orientation>1,0,0,0,1,0,0,0,1</orientation>
            <orientationType>"3x3 Transform"</orientationType>
            <orientationUnits>"rad"</orientationUnits>
            <orientationReferenceFrame>"WORLD"</orientationReferenceFrame>
          </Frame>
        </frames>
        <geometryFileName>"SIM_ICUB3_R_ANKLE_1_prt.stl"</geometryFileName>
      </Body>
      <Body>
        <name>"SIM_ICUB3_R_ANKLE_2"</name>
        <nodeID>"65"</nodeID>
        <status>""</status>
        <mass>3.79498</mass>
        <massUnits>"kg"</massUnits>
        <inertia>0.0177571,9.10375e-006,-1.48724e-005,9.10375e-006,0.0030773,0.00281758,-1.48724e-005,0.00281758,0.0164059</inertia>
        <inertiaUnits>"kg*m^2"</inertiaUnits>
        <volume>379498</volume>
        <volumeUnits>"mm^3"</volumeUnits>
        <surfaceArea>48301.7</surfaceArea>
        <surfaceAreaUnits>"mm^2"</surfaceAreaUnits>
        <frames>
          <Frame>
            <name>"CG"</name>
            <displayName>""</displayName>
            <nodeID>"65::CG(AUTOGEN)"</nodeID>
            <position>42.3649,25.6782,-906.032</position>
            <positionOrigin>"WORLD"</positionOrigin>
            <positionReferenceFrame>"WORLD"</positionReferenceFrame>
            <positionUnits>"mm"</positionUnits>
            <orientation>0.996171,-0.02756,-0.0829653,0.0284819,0.999545,0.00994854,0.0826533,-0.0122735,0.996503</orientation>
            <orientationType>"3x3 Transform"</orientationType>
            <orientationUnits>"rad"</orientationUnits>
            <orientationReferenceFrame>"WORLD"</orientationReferenceFrame>
          </Frame>
          <Frame>
            <name>"CS1"</name>
            <displayName>""</displayName>
            <nodeID>"65::CS1(AUTOGEN)"</nodeID>
            <position>52.336,-0.499479,2.8615</position>
            <positionOrigin>"WORLD"</positionOrigin>
            <positionReferenceFrame>"WORLD"</positionReferenceFrame>
            <positionUnits>"mm"</positionUnits>
            <orientation>0.996171,-0.02756,-0.0829653,0.0284819,0.999545,0.00994854,0.0826533,-0.0122735,0.996503</orientation>
            <orientationType>"3x3 Transform"</orientationType>
            <orientationUnits>"rad"</orientationUnits>
            <orientationReferenceFrame>"WORLD"</orientationReferenceFrame>
          </Frame>
          <Frame>
            <name>"CS2"</name>
            <displayName>"SCSYS_R_ANKLE_2"</displayName>
            <nodeID>"1149(USERADDED)"</nodeID>
            <position>43.3875,-18.216,-880.352</position>
            <positionOrigin>"WORLD"</positionOrigin>
            <positionReferenceFrame>"WORLD"</positionReferenceFrame>
            <positionUnits>"mm"</positionUnits>
            <orientation>0.0284819,0.999545,0.00994854,-0.996171,0.02756,0.0829653,0.0826533,-0.0122735,0.996503</orientation>
            <orientationType>"3x3 Transform"</orientationType>
            <orientationUnits>"rad"</orientationUnits>
            <orientationReferenceFrame>"WORLD"</orientationReferenceFrame>
          </Frame>
          <Frame ref="14">
            <name>"CS3"</name>
            <displayName>""</displayName>
            <nodeID>"64:-:65::65(AUTOGEN)"</nodeID>
            <position>42.2439,-58.3477,-880.751</position>
            <positionOrigin>"WORLD"</positionOrigin>
            <positionReferenceFrame>"WORLD"</positionReferenceFrame>
            <positionUnits>"mm"</positionUnits>
            <orientation>1,0,0,0,1,0,0,0,1</orientation>
            <orientationType>"3x3 Transform"</orientationType>
            <orientationUnits>"rad"</orientationUnits>
            <orientationReferenceFrame>"WORLD"</orientationReferenceFrame>
          </Frame>
          <Frame ref="15">
            <name>"CS4"</name>
            <displayName>""</displayName>
            <nodeID>"65:-:67::65(AUTOGEN)"</nodeID>
            <position>42.3649,25.6782,-906.032</position>
            <positionOrigin>"WORLD"</positionOrigin>
            <positionReferenceFrame>"WORLD"</positionReferenceFrame>
            <positionUnits>"mm"</positionUnits>
            <orientation>1,0,0,0,1,0,0,0,1</orientation>
            <orientationType>"3x3 Transform"</orientationType>
            <orientationUnits>"rad"</orientationUnits>
            <orientationReferenceFrame>"WORLD"</orientationReferenceFrame>
          </Frame>
          <Frame ref="17">
            <name>"CS5"</name>
            <displayName>""</displayName>
            <nodeID>"65:-:66::65(AUTOGEN)"</nodeID>
            <position>42.3649,25.6782,-906.032</position>
            <positionOrigin>"WORLD"</positionOrigin>
            <positionReferenceFrame>"WORLD"</positionReferenceFrame>
            <positionUnits>"mm"</positionUnits>
            <orientation>1,0,0,0,1,0,0,0,1</orientation>
            <orientationType>"3x3 Transform"</orientationType>
            <orientationUnits>"rad"</orientationUnits>
            <orientationReferenceFrame>"WORLD"</orientationReferenceFrame>
          </Frame>
        </frames>
        <geometryFileName>"SIM_ICUB3_R_ANKLE_2_prt.stl"</geometryFileName>
      </Body>
      <Body>
        <name>"SIM_ICUB3_R_FOOT_FRONT"</name>
        <nodeID>"66"</nodeID>
        <status>""</status>
        <mass>0.728481</mass>
        <massUnits>"kg"</massUnits>
        <inertia>0.00179258,-7.63698e-005,0.000301269,-7.63698e-005,0.00164198,0.000244068,0.000301269,0.000244068,0.00150928</inertia>
        <inertiaUnits>"kg*m^2"</inertiaUnits>
        <volume>72848.1</volume>
        <volumeUnits>"mm^3"</volumeUnits>
        <surfaceArea>28313.7</surfaceArea>
        <surfaceAreaUnits>"mm^2"</surfaceAreaUnits>
        <frames>
          <Frame>
            <name>"CG"</name>
            <displayName>""</displayName>
            <nodeID>"66::CG(AUTOGEN)"</nodeID>
            <position>41.0887,116.201,-937.109</position>
            <positionOrigin>"WORLD"</positionOrigin>
            <positionReferenceFrame>"WORLD"</positionReferenceFrame>
            <positionUnits>"mm"</positionUnits>
            <orientation>0.996171,-0.02756,-0.0829653,0.0284819,0.999545,0.00994854,0.0826533,-0.0122735,0.996503</orientation>
            <orientationType>"3x3 Transform"</orientationType>
            <orientationUnits>"rad"</orientationUnits>
            <orientationReferenceFrame>"WORLD"</orientationReferenceFrame>
          </Frame>
          <Frame>
            <name>"CS1"</name>
            <displayName>""</displayName>
            <nodeID>"66::CS1(AUTOGEN)"</nodeID>
            <position>52.336,-0.499479,2.8615</position>
            <positionOrigin>"WORLD"</positionOrigin>
            <positionReferenceFrame>"WORLD"</positionReferenceFrame>
            <positionUnits>"mm"</positionUnits>
            <orientation>0.996171,-0.02756,-0.0829653,0.0284819,0.999545,0.00994854,0.0826533,-0.0122735,0.996503</orientation>
            <orientationType>"3x3 Transform"</orientationType>
            <orientationUnits>"rad"</orientationUnits>
            <orientationReferenceFrame>"WORLD"</orientationReferenceFrame>
          </Frame>
          <Frame>
            <name>"CS2"</name>
            <displayName>"SCSYS_R_FOOT_FRONT"</displayName>
            <nodeID>"537(USERADDED)"</nodeID>
            <position>43.6442,117.506,-922.354</position>
            <positionOrigin>"WORLD"</positionOrigin>
            <positionReferenceFrame>"WORLD"</positionReferenceFrame>
            <positionUnits>"mm"</positionUnits>
            <orientation>0.0284819,0.999545,0.00994854,-0.996171,0.02756,0.0829653,0.0826533,-0.0122735,0.996503</orientation>
            <orientationType>"3x3 Transform"</orientationType>
            <orientationUnits>"rad"</orientationUnits>
            <orientationReferenceFrame>"WORLD"</orientationReferenceFrame>
          </Frame>
          <Frame ref="18">
            <name>"CS3"</name>
            <displayName>""</displayName>
            <nodeID>"65:-:66::66(AUTOGEN)"</nodeID>
            <position>42.3649,25.6782,-906.032</position>
            <positionOrigin>"WORLD"</positionOrigin>
            <positionReferenceFrame>"WORLD"</positionReferenceFrame>
            <positionUnits>"mm"</positionUnits>
            <orientation>1,0,0,0,1,0,0,0,1</orientation>
            <orientationType>"3x3 Transform"</orientationType>
            <orientationUnits>"rad"</orientationUnits>
            <orientationReferenceFrame>"WORLD"</orientationReferenceFrame>
          </Frame>
        </frames>
        <geometryFileName>"SIM_ICUB3_R_FOOT_FRONT_prt.stl"</geometryFileName>
      </Body>
      <Body>
        <name>"SIM_ICUB3_R_FOOT_REAR"</name>
        <nodeID>"67"</nodeID>
        <status>""</status>
        <mass>0.699838</mass>
        <massUnits>"kg"</massUnits>
        <inertia>0.000774729,-9.71196e-007,-8.38548e-008,-9.71196e-007,0.000566288,7.50944e-008,-8.38548e-008,7.50944e-008,0.00133599</inertia>
        <inertiaUnits>"kg*m^2"</inertiaUnits>
        <volume>69983.8</volume>
        <volumeUnits>"mm^3"</volumeUnits>
        <surfaceArea>25846.5</surfaceArea>
        <surfaceAreaUnits>"mm^2"</surfaceAreaUnits>
        <frames>
          <Frame>
            <name>"CG"</name>
            <displayName>""</displayName>
            <nodeID>"67::CG(AUTOGEN)"</nodeID>
            <position>38.7532,-1.67322,-942.61</position>
            <positionOrigin>"WORLD"</positionOrigin>
            <positionReferenceFrame>"WORLD"</positionReferenceFrame>
            <positionUnits>"mm"</positionUnits>
            <orientation>0.996171,-0.02756,-0.0829653,0.0284819,0.999545,0.00994854,0.0826533,-0.0122735,0.996503</orientation>
            <orientationType>"3x3 Transform"</orientationType>
            <orientationUnits>"rad"</orientationUnits>
            <orientationReferenceFrame>"WORLD"</orientationReferenceFrame>
          </Frame>
          <Frame>
            <name>"CS1"</name>
            <displayName>""</displayName>
            <nodeID>"67::CS1(AUTOGEN)"</nodeID>
            <position>52.336,-0.499479,2.8615</position>
            <positionOrigin>"WORLD"</positionOrigin>
            <positionReferenceFrame>"WORLD"</positionReferenceFrame>
            <positionUnits>"mm"</positionUnits>
            <orientation>0.996171,-0.02756,-0.0829653,0.0284819,0.999545,0.00994854,0.0826533,-0.0122735,0.996503</orientation>
            <orientationType>"3x3 Transform"</orientationType>
            <orientationUnits>"rad"</orientationUnits>
            <orientationReferenceFrame>"WORLD"</orientationReferenceFrame>
          </Frame>
          <Frame>
            <name>"CS2"</name>
            <displayName>"SCSYS_R_FOOT_REAR"</displayName>
            <nodeID>"414(USERADDED)"</nodeID>
            <position>40.2478,-1.68937,-923.54</position>
            <positionOrigin>"WORLD"</positionOrigin>
            <positionReferenceFrame>"WORLD"</positionReferenceFrame>
            <positionUnits>"mm"</positionUnits>
            <orientation>0.0284819,0.999545,0.00994854,-0.996171,0.02756,0.0829653,0.0826533,-0.0122735,0.996503</orientation>
            <orientationType>"3x3 Transform"</orientationType>
            <orientationUnits>"rad"</orientationUnits>
            <orientationReferenceFrame>"WORLD"</orientationReferenceFrame>
          </Frame>
          <Frame ref="16">
            <name>"CS3"</name>
            <displayName>""</displayName>
            <nodeID>"65:-:67::67(AUTOGEN)"</nodeID>
            <position>42.3649,25.6782,-906.032</position>
            <positionOrigin>"WORLD"</positionOrigin>
            <positionReferenceFrame>"WORLD"</positionReferenceFrame>
            <positionUnits>"mm"</positionUnits>
            <orientation>1,0,0,0,1,0,0,0,1</orientation>
            <orientationType>"3x3 Transform"</orientationType>
            <orientationUnits>"rad"</orientationUnits>
            <orientationReferenceFrame>"WORLD"</orientationReferenceFrame>
          </Frame>
        </frames>
        <geometryFileName>"SIM_ICUB3_R_FOOT_REAR_prt.stl"</geometryFileName>
      </Body>
    </bodies>
    <joints>
      <SimpleJoint>
        <name>"RootPart--SIM_ICUB3_R_HIP_1"</name>
        <nodeID>"59:-:SIM_ICUB3_R_LEG/RootPart"</nodeID>
        <status>""</status>
        <base>
          <JointSide>
            <name>""</name>
            <connection>
              <Frame ref="1"></Frame>
            </connection>
          </JointSide>
        </base>
        <follower>
          <JointSide>
            <name>""</name>
            <connection>
              <Frame ref="2"></Frame>
            </connection>
          </JointSide>
        </follower>
        <primitives>
          <Primitive>
            <name>"weld"</name>
